{
 "cells": [
  {
   "cell_type": "code",
   "execution_count": 11,
   "metadata": {
    "scrolled": true
   },
   "outputs": [
    {
     "name": "stdout",
     "output_type": "stream",
     "text": [
      "Extracting MNIST-data/train-images-idx3-ubyte.gz\n",
      "Extracting MNIST-data/train-labels-idx1-ubyte.gz\n",
      "Extracting MNIST-data/t10k-images-idx3-ubyte.gz\n",
      "Extracting MNIST-data/t10k-labels-idx1-ubyte.gz\n",
      "INFO:tensorflow:Using default config.\n",
      "INFO:tensorflow:Using config: {'_model_dir': '/tmp/mnist_convnet_model', '_tf_random_seed': None, '_save_summary_steps': 100, '_save_checkpoints_steps': None, '_save_checkpoints_secs': 600, '_session_config': None, '_keep_checkpoint_max': 5, '_keep_checkpoint_every_n_hours': 10000, '_log_step_count_steps': 100, '_service': None, '_cluster_spec': <tensorflow.python.training.server_lib.ClusterSpec object at 0x121971eb8>, '_task_type': 'worker', '_task_id': 0, '_master': '', '_is_chief': True, '_num_ps_replicas': 0, '_num_worker_replicas': 1}\n",
      "INFO:tensorflow:Create CheckpointSaverHook.\n",
      "INFO:tensorflow:Saving checkpoints for 1 into /tmp/mnist_convnet_model/model.ckpt.\n",
      "INFO:tensorflow:probabilities = [[ 0.10119652  0.10873593  0.09963275  0.09874225  0.09800243  0.10154663\n",
      "   0.09747052  0.09918179  0.0968611   0.09863009]\n",
      " [ 0.10045094  0.09959718  0.1073926   0.09507655  0.09324383  0.10712241\n",
      "   0.09227826  0.10098496  0.09590822  0.10794507]\n",
      " [ 0.09460752  0.09311749  0.09630568  0.09751543  0.10096325  0.10920363\n",
      "   0.10766018  0.101194    0.09726465  0.10216817]\n",
      " [ 0.10983577  0.0953177   0.1063988   0.08476537  0.09245856  0.11366498\n",
      "   0.09351997  0.1000526   0.09991897  0.10406733]\n",
      " [ 0.10134933  0.10324378  0.10237393  0.09076571  0.10154445  0.10175533\n",
      "   0.10203081  0.09861716  0.09391569  0.10440376]\n",
      " [ 0.1017702   0.09510234  0.09437209  0.08876741  0.08137652  0.10358194\n",
      "   0.11190353  0.10055463  0.1092153   0.113356  ]\n",
      " [ 0.0978716   0.10188896  0.09938727  0.10093956  0.09778596  0.10651837\n",
      "   0.10092989  0.09843548  0.09232213  0.10392078]\n",
      " [ 0.09888966  0.09635555  0.09904342  0.0880516   0.09107352  0.11847743\n",
      "   0.11262994  0.10344054  0.09230819  0.09973012]\n",
      " [ 0.11035576  0.09512441  0.10640942  0.09729659  0.10081521  0.09669526\n",
      "   0.111031    0.09717678  0.09533302  0.08976256]\n",
      " [ 0.09776916  0.1059      0.0872554   0.09617426  0.09074439  0.10980838\n",
      "   0.10100033  0.10281732  0.10166091  0.10686993]\n",
      " [ 0.09226624  0.10404485  0.1002735   0.09740478  0.09727313  0.10940212\n",
      "   0.10850821  0.0994829   0.09679542  0.09454886]\n",
      " [ 0.09807251  0.10232954  0.09577429  0.09458072  0.10544742  0.10776816\n",
      "   0.09709894  0.10689405  0.09839673  0.09363758]\n",
      " [ 0.09777983  0.09745984  0.09493589  0.09825084  0.08909174  0.11198986\n",
      "   0.1111185   0.10372863  0.10017146  0.09547336]\n",
      " [ 0.10451244  0.09679805  0.09425768  0.10283674  0.09658701  0.1158117\n",
      "   0.0961237   0.09599581  0.09820998  0.0988669 ]\n",
      " [ 0.10256951  0.10140761  0.09601568  0.08611984  0.09631421  0.10382761\n",
      "   0.11057822  0.10041029  0.10271671  0.10004041]\n",
      " [ 0.10375424  0.10429575  0.09699073  0.09220558  0.08894513  0.10396864\n",
      "   0.09968004  0.100743    0.10549337  0.10392352]\n",
      " [ 0.10458975  0.10327367  0.0957644   0.09499329  0.0949335   0.11326222\n",
      "   0.09638504  0.10259938  0.10110612  0.09309264]\n",
      " [ 0.117443    0.09562306  0.10411642  0.08869048  0.09569323  0.1038944\n",
      "   0.09552477  0.1037581   0.1017387   0.09351787]\n",
      " [ 0.09639241  0.1010432   0.09582189  0.09151085  0.08720303  0.10829417\n",
      "   0.10422502  0.11601162  0.10605211  0.09344566]\n",
      " [ 0.09792522  0.0993625   0.09487665  0.10391211  0.09711168  0.09839012\n",
      "   0.09580751  0.10447364  0.10263956  0.105501  ]\n",
      " [ 0.10625698  0.10046817  0.0926154   0.09291699  0.09354743  0.10293145\n",
      "   0.10227187  0.10462082  0.09311684  0.11125411]\n",
      " [ 0.09689986  0.09333887  0.098616    0.09567456  0.10778608  0.10353685\n",
      "   0.10197489  0.099622    0.10112887  0.10142206]\n",
      " [ 0.10647649  0.08900192  0.10081042  0.10749277  0.08374775  0.10502844\n",
      "   0.10239581  0.09907991  0.10191185  0.10405462]\n",
      " [ 0.10621848  0.08688577  0.0951091   0.09025251  0.09637041  0.10133521\n",
      "   0.10422932  0.10255931  0.11431839  0.10272159]\n",
      " [ 0.10384621  0.09870495  0.09151828  0.09367184  0.09513962  0.10864636\n",
      "   0.10936912  0.0998722   0.09529892  0.10393252]\n",
      " [ 0.1065186   0.09985936  0.10140918  0.09241039  0.09718543  0.10414191\n",
      "   0.09894671  0.09185731  0.10772185  0.09994927]\n",
      " [ 0.10248084  0.09781912  0.09732221  0.10059495  0.10278905  0.0997736\n",
      "   0.09939279  0.10615336  0.10456576  0.08910832]\n",
      " [ 0.095799    0.10461993  0.09042705  0.09241372  0.0924609   0.10681004\n",
      "   0.09448911  0.10991015  0.11031988  0.10275023]\n",
      " [ 0.09853855  0.08772531  0.10893226  0.09996672  0.09817166  0.10681918\n",
      "   0.0961822   0.09676647  0.10271701  0.10418073]\n",
      " [ 0.09830833  0.10022599  0.0874785   0.10509531  0.09509728  0.1042703\n",
      "   0.10742902  0.10561315  0.09794001  0.09854203]\n",
      " [ 0.109425    0.09694061  0.10680801  0.09635726  0.09916511  0.1001017\n",
      "   0.09689041  0.09210246  0.10289265  0.09931675]\n",
      " [ 0.09790933  0.09186143  0.08468829  0.10569754  0.09960226  0.10955295\n",
      "   0.10471804  0.10566205  0.10519901  0.09510906]\n",
      " [ 0.09843796  0.10015471  0.10241183  0.09189337  0.09265782  0.1047033\n",
      "   0.09463142  0.11059113  0.10897279  0.09554567]\n",
      " [ 0.0964805   0.11220841  0.09557945  0.10106972  0.08823078  0.11293869\n",
      "   0.09982118  0.09396319  0.09952728  0.10018083]\n",
      " [ 0.09709257  0.10238866  0.10929821  0.09806547  0.09499853  0.11054303\n",
      "   0.09908522  0.09251644  0.09192237  0.10408944]\n",
      " [ 0.09523811  0.09114713  0.10001491  0.08754252  0.10680593  0.1084547\n",
      "   0.09695186  0.10134282  0.10984841  0.10265359]\n",
      " [ 0.10619178  0.10235927  0.08845504  0.0908079   0.09307415  0.1076801\n",
      "   0.09544476  0.10641423  0.10927235  0.10030032]\n",
      " [ 0.1062619   0.10670038  0.09710034  0.09626426  0.08833216  0.10449605\n",
      "   0.10119154  0.09905688  0.09906509  0.10153147]\n",
      " [ 0.10114503  0.1074438   0.0982511   0.10622672  0.0850742   0.10680658\n",
      "   0.08988541  0.10310098  0.10498153  0.09708464]\n",
      " [ 0.10345449  0.09692558  0.0939715   0.10268364  0.09406728  0.11388291\n",
      "   0.09947608  0.09710471  0.09505454  0.10337934]\n",
      " [ 0.10378766  0.10047652  0.09984433  0.0959373   0.09337147  0.10702725\n",
      "   0.09785519  0.10342434  0.10518552  0.09309044]\n",
      " [ 0.10547531  0.09418663  0.10706675  0.09830032  0.09083387  0.10741213\n",
      "   0.09712446  0.09801272  0.10117774  0.10041005]\n",
      " [ 0.10272735  0.09921378  0.09761155  0.09477457  0.09974171  0.10788384\n",
      "   0.09748213  0.10315804  0.10035846  0.09704855]\n",
      " [ 0.09758405  0.09321004  0.09901235  0.09117974  0.09428889  0.11759314\n",
      "   0.10554727  0.09570771  0.10248592  0.1033909 ]\n",
      " [ 0.11617882  0.10956837  0.09131661  0.08208259  0.09193872  0.10452658\n",
      "   0.10075338  0.10678994  0.10495509  0.09188988]\n",
      " [ 0.1040839   0.10850506  0.0969786   0.09547706  0.09366535  0.10767923\n",
      "   0.09962328  0.09773819  0.09611871  0.10013068]\n",
      " [ 0.1108802   0.10018662  0.08743533  0.09439315  0.09508169  0.10504716\n",
      "   0.11493099  0.11862767  0.08956457  0.08385264]\n",
      " [ 0.10643299  0.09108913  0.10231456  0.09928668  0.08835867  0.10418879\n",
      "   0.10459957  0.10256317  0.10253278  0.09863363]\n",
      " [ 0.09611695  0.10095639  0.09811371  0.09433682  0.0941366   0.11692103\n",
      "   0.10553624  0.10366073  0.08982287  0.10039867]\n",
      " [ 0.11011159  0.0981853   0.09860972  0.0995106   0.10426326  0.09257008\n",
      "   0.09636122  0.10331964  0.10291461  0.094154  ]\n",
      " [ 0.1190493   0.10771085  0.10341214  0.09049312  0.09276647  0.09861249\n",
      "   0.09535322  0.09657352  0.09982951  0.0961994 ]\n",
      " [ 0.09233181  0.11418512  0.0961378   0.08511962  0.10190639  0.11925917\n",
      "   0.09310233  0.10168868  0.09526972  0.10099932]\n",
      " [ 0.09852563  0.10273977  0.09327709  0.10295303  0.09967726  0.10888518\n",
      "   0.09688891  0.10615841  0.09159181  0.09930293]\n",
      " [ 0.10349981  0.09370229  0.09394056  0.09342612  0.0981798   0.1139306\n",
      "   0.10834303  0.0957998   0.09909759  0.1000804 ]\n",
      " [ 0.09103841  0.10204397  0.09755138  0.08782379  0.09765474  0.11032045\n",
      "   0.09980606  0.11071839  0.10097932  0.10206344]\n",
      " [ 0.10216229  0.0964392   0.09557479  0.0970831   0.08915018  0.11704385\n",
      "   0.10529851  0.09608039  0.09956673  0.10160088]\n",
      " [ 0.10565957  0.10698068  0.09906804  0.09045433  0.0925518   0.10782434\n",
      "   0.10309474  0.09888677  0.09680234  0.09867743]\n",
      " [ 0.10520073  0.10246001  0.08559118  0.09949397  0.08936831  0.10001502\n",
      "   0.10003764  0.10049049  0.10873722  0.10860538]\n",
      " [ 0.10086073  0.08960523  0.08812219  0.09975912  0.10154985  0.11363138\n",
      "   0.10482199  0.09413078  0.10422733  0.1032914 ]\n",
      " [ 0.10032616  0.09353124  0.08923974  0.09789513  0.09701802  0.10201053\n",
      "   0.1019505   0.1102277   0.10489332  0.10290772]\n",
      " [ 0.10710936  0.09309758  0.09766723  0.10350844  0.10425426  0.09633014\n",
      "   0.09776     0.10058219  0.10012063  0.09957023]\n",
      " [ 0.09739254  0.10184913  0.09990811  0.09714016  0.08873124  0.10115073\n",
      "   0.11006113  0.10038358  0.11146683  0.09191655]\n",
      " [ 0.10060403  0.09696668  0.07933142  0.10635082  0.10048632  0.1112643\n",
      "   0.10964211  0.1051742   0.09434122  0.09583885]\n",
      " [ 0.10144457  0.09366985  0.10311524  0.09049672  0.10599016  0.09952936\n",
      "   0.10137345  0.09483273  0.10321132  0.10633664]\n",
      " [ 0.10798983  0.09060257  0.10010147  0.08746435  0.09956884  0.10551999\n",
      "   0.10981718  0.09331598  0.10145143  0.10416837]\n",
      " [ 0.09220622  0.09877841  0.09119908  0.09564796  0.10605127  0.12108647\n",
      "   0.10675869  0.10250453  0.09468592  0.09108151]\n",
      " [ 0.11055604  0.09955055  0.10134993  0.09670026  0.0858022   0.09449972\n",
      "   0.10639376  0.09935974  0.10473341  0.10105442]\n",
      " [ 0.10279337  0.09846592  0.09521341  0.09915365  0.09535596  0.10131744\n",
      "   0.10490192  0.10659426  0.09435291  0.10185121]\n",
      " [ 0.11264435  0.0843348   0.09662649  0.08777955  0.10168417  0.10753414\n",
      "   0.10754301  0.09912535  0.09672212  0.106006  ]\n",
      " [ 0.11270953  0.09907524  0.08690245  0.10066891  0.09084217  0.10504591\n",
      "   0.09580565  0.09658811  0.10819624  0.10416584]\n",
      " [ 0.09965467  0.09853668  0.09560683  0.10513316  0.0979288   0.10239729\n",
      "   0.10458118  0.09837034  0.10576358  0.09202749]\n",
      " [ 0.10158163  0.09376263  0.09806985  0.09931767  0.10478023  0.10363703\n",
      "   0.09966189  0.09923209  0.1002892   0.09966771]\n",
      " [ 0.09538765  0.10559128  0.10326362  0.10208634  0.09269015  0.10096084\n",
      "   0.10421882  0.09617937  0.10804996  0.091572  ]\n",
      " [ 0.10758382  0.10449275  0.08709284  0.10219217  0.0968389   0.11027477\n",
      "   0.09629031  0.1014441   0.09658787  0.09720243]\n",
      " [ 0.10694475  0.09827121  0.09676985  0.08985553  0.09567633  0.10557657\n",
      "   0.09520505  0.09005205  0.10914999  0.1124986 ]\n",
      " [ 0.10538189  0.11047139  0.09956942  0.08793778  0.09524978  0.10794427\n",
      "   0.09991319  0.09151541  0.10116725  0.10084953]\n",
      " [ 0.09623662  0.09962524  0.0968757   0.10276991  0.10235079  0.10496062\n",
      "   0.10502654  0.10155724  0.09766736  0.09292993]\n",
      " [ 0.09875505  0.10753325  0.08677991  0.10255235  0.08698128  0.10943442\n",
      "   0.10763267  0.09674639  0.10516942  0.0984152 ]\n",
      " [ 0.09928504  0.10719521  0.10225623  0.09956592  0.0964429   0.11249243\n",
      "   0.08937205  0.10066043  0.10288828  0.08984157]\n",
      " [ 0.10313963  0.09891017  0.10189296  0.10385484  0.0945405   0.10455763\n",
      "   0.09849723  0.09396715  0.09745129  0.10318862]\n",
      " [ 0.10430279  0.10176292  0.10203673  0.08463283  0.08462871  0.12220083\n",
      "   0.10267244  0.10438706  0.10068322  0.0926925 ]\n",
      " [ 0.10500437  0.08991596  0.0962713   0.09241317  0.09433998  0.10127401\n",
      "   0.11475871  0.10928515  0.10280374  0.09393361]\n",
      " [ 0.11181768  0.09254035  0.10151002  0.09862528  0.09812802  0.10655575\n",
      "   0.08844546  0.09162516  0.10502715  0.10572506]\n",
      " [ 0.1046676   0.09988243  0.08861017  0.10344274  0.08917676  0.10337042\n",
      "   0.10407668  0.11455678  0.09946857  0.09274787]\n",
      " [ 0.10731564  0.10273638  0.09856964  0.09572075  0.08977015  0.1058822\n",
      "   0.08805473  0.09771477  0.11136995  0.10286576]\n",
      " [ 0.10566189  0.08765534  0.10644883  0.08701663  0.09954836  0.10555588\n",
      "   0.10991258  0.09611561  0.09948219  0.10260265]\n",
      " [ 0.09408679  0.10666378  0.09153347  0.08804026  0.09799144  0.11009426\n",
      "   0.10871323  0.09871234  0.10596009  0.09820431]\n",
      " [ 0.10278462  0.10442203  0.09586988  0.09597152  0.09993788  0.10663686\n",
      "   0.09689854  0.09929246  0.10199504  0.09619117]\n",
      " [ 0.10826291  0.09773418  0.09520689  0.09213857  0.08976251  0.12117727\n",
      "   0.10881677  0.09709768  0.09020866  0.09959459]\n",
      " [ 0.10582168  0.11800227  0.09799743  0.09994027  0.09826867  0.10369854\n",
      "   0.08746742  0.08667716  0.09722702  0.1048995 ]\n",
      " [ 0.10507904  0.09328336  0.09283778  0.10192729  0.08866324  0.10890719\n",
      "   0.1048871   0.10726262  0.10131586  0.09583658]\n",
      " [ 0.10055342  0.10055447  0.10754447  0.08999348  0.09193961  0.11283123\n",
      "   0.09196767  0.09731442  0.10498079  0.10232043]\n",
      " [ 0.09262785  0.11336392  0.09921894  0.09016192  0.10002452  0.11316328\n",
      "   0.09851117  0.09006735  0.09769601  0.10516503]\n",
      " [ 0.10034205  0.09557885  0.08917413  0.09915864  0.08950651  0.10555665\n",
      "   0.11216422  0.11427017  0.09831424  0.09593461]\n",
      " [ 0.10147607  0.10244434  0.10840704  0.09190776  0.09438391  0.10278749\n",
      "   0.09342526  0.09886394  0.10649762  0.09980655]\n",
      " [ 0.10415559  0.09246536  0.09530103  0.10868945  0.09648202  0.10343011\n",
      "   0.10568657  0.10194713  0.09520707  0.09663571]\n",
      " [ 0.1029383   0.09862489  0.09852224  0.10486463  0.09357325  0.09883554\n",
      "   0.09618244  0.09128178  0.10253488  0.11264204]\n",
      " [ 0.10203192  0.10374726  0.09223524  0.10048264  0.0952959   0.10488778\n",
      "   0.10315241  0.10562763  0.09395647  0.09858277]\n",
      " [ 0.10469765  0.09456582  0.09580067  0.09872652  0.10520563  0.10055432\n",
      "   0.09919694  0.09676035  0.10540719  0.09908494]\n",
      " [ 0.09619664  0.10308291  0.1026134   0.08979102  0.10217627  0.10502666\n",
      "   0.09827747  0.10216092  0.09620421  0.10447048]]\n"
     ]
    },
    {
     "name": "stdout",
     "output_type": "stream",
     "text": [
      "INFO:tensorflow:loss = 2.31609, step = 1\n",
      "INFO:tensorflow:probabilities = [[ 0.09496771  0.10551788  0.09499744  0.09604934  0.09464189  0.09713991\n",
      "   0.10482781  0.10495456  0.10274883  0.10415469]\n",
      " [ 0.10636753  0.09785914  0.10701583  0.09131967  0.0940451   0.10920069\n",
      "   0.09798934  0.10113507  0.10347304  0.09159456]\n",
      " [ 0.11932434  0.08850795  0.09912644  0.09203109  0.09446617  0.10090774\n",
      "   0.11034068  0.09360567  0.09886836  0.10282157]\n",
      " [ 0.10822158  0.08463757  0.10852851  0.08941022  0.09551288  0.10911919\n",
      "   0.10841752  0.11048904  0.09613807  0.08952551]\n",
      " [ 0.11036343  0.1022815   0.0902211   0.09324874  0.09340739  0.09742326\n",
      "   0.09380796  0.1016032   0.11256807  0.10507534]\n",
      " [ 0.10271245  0.09934565  0.09776451  0.09534497  0.10022467  0.09954128\n",
      "   0.09894971  0.10107738  0.097534    0.10750537]\n",
      " [ 0.11092908  0.09201956  0.09908839  0.09963336  0.09251525  0.10375602\n",
      "   0.10721065  0.0988534   0.09886375  0.09713051]\n",
      " [ 0.10244767  0.10719561  0.08920992  0.09529585  0.09324     0.10392722\n",
      "   0.09740815  0.10348818  0.11001302  0.09777434]\n",
      " [ 0.08407047  0.08913755  0.0944895   0.09987164  0.09795536  0.10173555\n",
      "   0.09910423  0.1194756   0.11124011  0.10291997]\n",
      " [ 0.1043434   0.10839253  0.09519175  0.09323226  0.09716013  0.10274884\n",
      "   0.0984221   0.10891134  0.09474656  0.09685107]\n",
      " [ 0.10560726  0.09471662  0.10349429  0.10360417  0.0862286   0.10373762\n",
      "   0.10093561  0.09902699  0.10006254  0.10258636]\n",
      " [ 0.09578273  0.096412    0.10717855  0.09785622  0.09304667  0.10477517\n",
      "   0.10096516  0.09242649  0.10375818  0.10779884]\n",
      " [ 0.09443413  0.10093662  0.10267372  0.09173961  0.0926761   0.10485075\n",
      "   0.09996885  0.11001377  0.10420308  0.09850331]\n",
      " [ 0.10425687  0.10101371  0.10425162  0.09290127  0.08787777  0.1016753\n",
      "   0.10222934  0.10131752  0.10025853  0.10421805]\n",
      " [ 0.10224747  0.10039405  0.1015835   0.09259442  0.0970326   0.1050405\n",
      "   0.09894806  0.09947554  0.09402891  0.10865488]\n",
      " [ 0.11579635  0.08383372  0.1056356   0.09552415  0.10015439  0.10616577\n",
      "   0.10823856  0.09885498  0.09917621  0.08662031]\n",
      " [ 0.10139363  0.10203593  0.09708608  0.09973961  0.10051204  0.10423754\n",
      "   0.09289593  0.09901069  0.10722598  0.09586258]\n",
      " [ 0.10748934  0.09560759  0.09647032  0.09999754  0.09213922  0.10972657\n",
      "   0.1035551   0.09764108  0.09792755  0.09944569]\n",
      " [ 0.10731028  0.10054972  0.10099461  0.09680271  0.0965948   0.09922952\n",
      "   0.0948416   0.0955333   0.10651501  0.10162846]\n",
      " [ 0.10214144  0.08574286  0.10345474  0.09509233  0.09540176  0.10239779\n",
      "   0.10169339  0.10871179  0.10137413  0.10398978]\n",
      " [ 0.11165743  0.10430144  0.09319762  0.08792485  0.08233835  0.11305257\n",
      "   0.10113706  0.10034449  0.10827801  0.09776823]\n",
      " [ 0.10586161  0.08324481  0.10409959  0.10686605  0.08944001  0.10706491\n",
      "   0.08851324  0.09644924  0.11493929  0.10352124]\n",
      " [ 0.10193022  0.0921257   0.10009836  0.08272018  0.10120594  0.10711692\n",
      "   0.10085174  0.1000715   0.1074277   0.10645178]\n",
      " [ 0.10926203  0.10346971  0.09270993  0.10879026  0.09303774  0.10345655\n",
      "   0.10056651  0.08632905  0.1127307   0.08964749]\n",
      " [ 0.10851673  0.1023616   0.1043691   0.09756358  0.09179408  0.10310604\n",
      "   0.09835393  0.0928974   0.10101461  0.10002296]\n",
      " [ 0.10305334  0.0998098   0.09241627  0.08934502  0.09586451  0.10298435\n",
      "   0.10985568  0.1011963   0.09189475  0.11357999]\n",
      " [ 0.10012984  0.0949228   0.09793092  0.09008483  0.09498582  0.09926508\n",
      "   0.10210795  0.11361574  0.10020275  0.10675429]\n",
      " [ 0.10810538  0.08466534  0.0914108   0.08672892  0.098224    0.10805131\n",
      "   0.10535076  0.10918225  0.10456175  0.10371954]\n",
      " [ 0.09566261  0.09175338  0.09384832  0.11060843  0.10085537  0.10222763\n",
      "   0.10450681  0.09723342  0.10031968  0.1029843 ]\n",
      " [ 0.09451871  0.09601983  0.10094304  0.10053071  0.08861274  0.11883062\n",
      "   0.0953751   0.09983469  0.09588563  0.10944898]\n",
      " [ 0.10423058  0.09523692  0.09305566  0.09876457  0.10159744  0.09895615\n",
      "   0.10284718  0.10770278  0.10280138  0.0948074 ]\n",
      " [ 0.10017082  0.09841897  0.09456085  0.09398926  0.09506738  0.10836075\n",
      "   0.10742906  0.10174163  0.09985684  0.1004044 ]\n",
      " [ 0.10140442  0.10530785  0.09303157  0.09903011  0.08685919  0.1102953\n",
      "   0.10109818  0.11054328  0.09312798  0.09930211]\n",
      " [ 0.09779423  0.09363492  0.09827425  0.10665021  0.08517605  0.10148709\n",
      "   0.10799675  0.10923795  0.11058954  0.08915903]\n",
      " [ 0.09726159  0.10138749  0.10465626  0.09015366  0.10218443  0.11078703\n",
      "   0.1086173   0.102037    0.09680517  0.08611009]\n",
      " [ 0.1020273   0.09958793  0.10080661  0.0955264   0.09586948  0.1102543\n",
      "   0.10010925  0.08828483  0.10720625  0.10032757]\n",
      " [ 0.09869721  0.0903541   0.10014106  0.09467166  0.10280207  0.09836039\n",
      "   0.09368648  0.1056344   0.10927832  0.10637424]\n",
      " [ 0.1052895   0.09177643  0.09132224  0.09805039  0.09538709  0.11194067\n",
      "   0.09973651  0.11462698  0.09786631  0.09400392]\n",
      " [ 0.10094822  0.09899112  0.10414938  0.09584783  0.09683846  0.10930634\n",
      "   0.09420419  0.09827346  0.09244856  0.10899251]\n",
      " [ 0.09883329  0.11006157  0.11313816  0.0861294   0.08759337  0.1088589\n",
      "   0.0866623   0.10301749  0.10177283  0.10393275]\n",
      " [ 0.10455618  0.09077855  0.10031643  0.10376234  0.09905111  0.10710775\n",
      "   0.09915262  0.08872127  0.10200345  0.10455026]\n",
      " [ 0.10451934  0.10528996  0.09923799  0.09062314  0.09510002  0.12573385\n",
      "   0.09278449  0.09655452  0.09748861  0.09266799]\n",
      " [ 0.10677022  0.09310584  0.09021996  0.10346983  0.09170708  0.10451612\n",
      "   0.10028144  0.10687954  0.10378334  0.09926662]\n",
      " [ 0.09913827  0.09908715  0.10177445  0.10078523  0.09985535  0.10138124\n",
      "   0.11032265  0.09366759  0.09883638  0.09515173]\n",
      " [ 0.10016789  0.10668868  0.08638536  0.10026728  0.09150239  0.10584869\n",
      "   0.10444453  0.10758135  0.100172    0.09694189]\n",
      " [ 0.10011233  0.11409344  0.09074481  0.09732126  0.08196179  0.10602398\n",
      "   0.10627964  0.10590512  0.10124738  0.09631027]\n",
      " [ 0.10665332  0.09691832  0.08813676  0.09513487  0.09648409  0.12332268\n",
      "   0.10945752  0.09139874  0.09484722  0.0976465 ]\n",
      " [ 0.1046395   0.10384205  0.09930171  0.09471103  0.10089753  0.10328432\n",
      "   0.10325849  0.0976449   0.09863578  0.09378474]\n",
      " [ 0.09976166  0.09820864  0.09244011  0.08893392  0.10798208  0.11322159\n",
      "   0.10554077  0.09874167  0.09358316  0.10158647]\n",
      " [ 0.09753301  0.09923111  0.10239553  0.10459083  0.09154557  0.10663206\n",
      "   0.09780407  0.09741008  0.10035237  0.10250539]\n",
      " [ 0.09954864  0.09512604  0.10621919  0.09358609  0.09141506  0.09940342\n",
      "   0.10012043  0.09184118  0.10690456  0.11583531]\n",
      " [ 0.10019885  0.1073918   0.09940086  0.09024727  0.09871207  0.10579664\n",
      "   0.09611964  0.1059292   0.09930212  0.09690157]\n",
      " [ 0.11009221  0.10363467  0.10228495  0.08436061  0.10014491  0.10146474\n",
      "   0.10310922  0.09938542  0.10984255  0.08568069]\n",
      " [ 0.09921207  0.1041427   0.09982157  0.10356756  0.0916632   0.10406628\n",
      "   0.10583096  0.09703578  0.10037816  0.09428173]\n",
      " [ 0.10278833  0.09855402  0.09996485  0.09859032  0.10040568  0.09230051\n",
      "   0.11222881  0.10497095  0.09773656  0.09246001]\n",
      " [ 0.09599312  0.09895938  0.10159035  0.10584704  0.09994932  0.10153668\n",
      "   0.10682711  0.09366751  0.09716998  0.09845956]\n",
      " [ 0.09626706  0.10299646  0.10293443  0.09530366  0.09372326  0.10297461\n",
      "   0.10325056  0.10543748  0.10594476  0.09116775]\n",
      " [ 0.1079042   0.0904255   0.09545542  0.10051363  0.0892433   0.11318392\n",
      "   0.09802529  0.09625361  0.10354717  0.10544796]\n",
      " [ 0.10825182  0.09814828  0.09072886  0.08771147  0.10148898  0.10254484\n",
      "   0.1074338   0.10050137  0.1121324   0.09105816]\n",
      " [ 0.10187818  0.10354144  0.08810546  0.1016922   0.11083193  0.10031717\n",
      "   0.09022272  0.10090306  0.102534    0.09997392]\n",
      " [ 0.10400787  0.09146744  0.09363439  0.09984626  0.09539794  0.10177667\n",
      "   0.09804594  0.10083865  0.10466748  0.11031739]\n",
      " [ 0.10428495  0.08992691  0.10321097  0.09794117  0.08396509  0.11492139\n",
      "   0.09800865  0.10435528  0.09376009  0.1096255 ]\n",
      " [ 0.09132694  0.09480599  0.0956006   0.0817077   0.09356879  0.11511226\n",
      "   0.08898043  0.10174892  0.13106333  0.10608496]\n",
      " [ 0.10055453  0.09843203  0.10457484  0.10428073  0.09110697  0.10323593\n",
      "   0.09716991  0.09761071  0.1005732   0.10246108]\n",
      " [ 0.10381401  0.09010047  0.09309273  0.08298477  0.10974628  0.10299293\n",
      "   0.11498813  0.09337012  0.09818359  0.11072693]\n",
      " [ 0.10470112  0.09866857  0.08573379  0.0865963   0.08619402  0.1061964\n",
      "   0.1165766   0.09987654  0.10894659  0.10651011]\n",
      " [ 0.11066046  0.10653955  0.09942321  0.10494006  0.08568915  0.09778722\n",
      "   0.09822845  0.10009661  0.09460977  0.10202546]\n",
      " [ 0.0998351   0.09542195  0.09918667  0.09029033  0.09793676  0.10761807\n",
      "   0.11202637  0.10703968  0.09926131  0.09138379]\n",
      " [ 0.1070836   0.08986047  0.08485288  0.09211706  0.11047208  0.10820182\n",
      "   0.11274415  0.09516174  0.08969533  0.10981082]\n",
      " [ 0.10765104  0.09912488  0.0965248   0.09624428  0.10069243  0.1056179\n",
      "   0.1035419   0.09602783  0.10032908  0.09424595]\n",
      " [ 0.10857262  0.11519393  0.0895538   0.08492914  0.09769684  0.09891093\n",
      "   0.10305908  0.10032786  0.09981946  0.10193628]\n",
      " [ 0.1075941   0.08772777  0.10569214  0.0902547   0.09014636  0.11403249\n",
      "   0.10716296  0.09297811  0.09975707  0.10465433]\n",
      " [ 0.0962363   0.10553047  0.07830834  0.09515947  0.09571252  0.10540793\n",
      "   0.10967953  0.09882838  0.10761303  0.10752404]\n",
      " [ 0.10385337  0.10200026  0.09397992  0.08793896  0.09716398  0.11191091\n",
      "   0.09784492  0.08977519  0.100247    0.11528546]\n",
      " [ 0.10097713  0.09350028  0.09868738  0.09644629  0.09264575  0.10843167\n",
      "   0.1112569   0.09988001  0.09715114  0.10102338]\n",
      " [ 0.10291418  0.10224281  0.1064117   0.0976331   0.08674714  0.09176415\n",
      "   0.08979509  0.10080478  0.12254716  0.09913982]\n",
      " [ 0.10028832  0.10944014  0.09196869  0.091842    0.09884583  0.10996238\n",
      "   0.10354406  0.10064002  0.09847158  0.09499694]\n",
      " [ 0.10376385  0.09852704  0.10931266  0.09758639  0.10379282  0.09639374\n",
      "   0.10187001  0.10169197  0.10062512  0.08643644]\n",
      " [ 0.10125077  0.09447094  0.10177918  0.10291933  0.09691503  0.10505415\n",
      "   0.09590755  0.09971711  0.1052144   0.0967716 ]\n",
      " [ 0.09955127  0.10238203  0.10119625  0.10391419  0.09405392  0.0959443\n",
      "   0.09444526  0.09867827  0.11422192  0.09561264]\n",
      " [ 0.1083791   0.09855878  0.09842945  0.09708808  0.097408    0.10386223\n",
      "   0.09382433  0.09033347  0.10536005  0.10675656]\n",
      " [ 0.09872367  0.09986164  0.09028815  0.08331541  0.09547766  0.10610234\n",
      "   0.11194893  0.09708247  0.1023498   0.11484995]\n",
      " [ 0.10160719  0.10390685  0.08595391  0.08582161  0.08765     0.10582241\n",
      "   0.103467    0.10947597  0.10208543  0.1142097 ]\n",
      " [ 0.1047444   0.09508909  0.10068601  0.09698915  0.10763983  0.10296551\n",
      "   0.09595103  0.09347162  0.10688142  0.09558196]\n",
      " [ 0.1037094   0.10604044  0.09586786  0.08236911  0.09117471  0.11214003\n",
      "   0.1074904   0.09829882  0.10359892  0.09931026]\n",
      " [ 0.10513572  0.09436298  0.10221714  0.09093399  0.09761421  0.11089107\n",
      "   0.09766095  0.09706482  0.10270052  0.10141858]\n",
      " [ 0.10897709  0.10222071  0.1033621   0.09913563  0.08893227  0.097882\n",
      "   0.10267209  0.09963553  0.09688742  0.10029516]\n",
      " [ 0.09819235  0.08859962  0.1052526   0.09203459  0.10558435  0.10389812\n",
      "   0.11375507  0.1018493   0.09757376  0.09326026]\n",
      " [ 0.09558561  0.11783544  0.08688756  0.09922644  0.08926121  0.1035924\n",
      "   0.11029699  0.1029796   0.09791415  0.09642057]\n",
      " [ 0.10954952  0.10168947  0.1085013   0.09250059  0.08663764  0.11261487\n",
      "   0.09170719  0.0970414   0.10099981  0.09875815]\n",
      " [ 0.11078276  0.09577239  0.09726054  0.09184356  0.09195109  0.0988046\n",
      "   0.10256594  0.10544501  0.10181529  0.10375876]\n",
      " [ 0.10686658  0.09483323  0.09716412  0.09802774  0.09673982  0.10780734\n",
      "   0.09615536  0.10070697  0.09984554  0.10185333]\n",
      " [ 0.11217567  0.10449433  0.09564321  0.09821282  0.0868153   0.10396651\n",
      "   0.09258304  0.10048168  0.10338797  0.10223946]\n",
      " [ 0.10718165  0.10441909  0.09805566  0.09957058  0.09303568  0.10349733\n",
      "   0.10099311  0.09972008  0.10396683  0.08955996]\n",
      " [ 0.09738956  0.08983611  0.10109013  0.10572582  0.10295264  0.10428709\n",
      "   0.10139866  0.10028433  0.10082841  0.09620718]\n",
      " [ 0.09344397  0.09312817  0.09547199  0.09804869  0.10433614  0.09947058\n",
      "   0.10307812  0.10785267  0.10280091  0.10236877]\n",
      " [ 0.10685961  0.09170651  0.09416696  0.09895118  0.09215426  0.11153416\n",
      "   0.10996995  0.10517783  0.08881922  0.10066035]\n",
      " [ 0.10480823  0.10180587  0.10084675  0.08720435  0.09099762  0.10784536\n",
      "   0.10024803  0.1063505   0.10107397  0.09881934]\n",
      " [ 0.10970833  0.10048357  0.10349582  0.08642966  0.09045296  0.10825412\n",
      "   0.10029544  0.09627393  0.10011846  0.10448771]\n",
      " [ 0.11202     0.10009734  0.09236789  0.08959317  0.11136407  0.09620261\n",
      "   0.09649205  0.09369555  0.10195927  0.10620804]] (18.497 sec)\n"
     ]
    },
    {
     "name": "stdout",
     "output_type": "stream",
     "text": [
      "INFO:tensorflow:global_step/sec: 2.74999\n",
      "INFO:tensorflow:probabilities = [[ 0.10735097  0.09533235  0.09976765  0.09969304  0.09386881  0.10142221\n",
      "   0.10017084  0.09437414  0.10185797  0.10616208]\n",
      " [ 0.10823157  0.09054787  0.10368498  0.10323229  0.10022669  0.10883357\n",
      "   0.09295722  0.09795441  0.09743345  0.09689789]\n",
      " [ 0.10873149  0.10281241  0.09479167  0.09491349  0.08841612  0.10573997\n",
      "   0.10491613  0.09996168  0.09966063  0.10005637]\n",
      " [ 0.10322154  0.10120772  0.09412602  0.09948219  0.10934225  0.09675926\n",
      "   0.09496417  0.09985071  0.10421745  0.09682856]\n",
      " [ 0.11003383  0.10474432  0.1085261   0.09781957  0.08622473  0.1038465\n",
      "   0.09870643  0.09005193  0.10719463  0.092852  ]\n",
      " [ 0.106284    0.10679369  0.09633693  0.10606456  0.08644408  0.10672703\n",
      "   0.10006319  0.1003404   0.10015637  0.09078977]\n",
      " [ 0.09826908  0.09558411  0.0956267   0.11012454  0.09839504  0.10020508\n",
      "   0.09609411  0.09826744  0.11003856  0.09739534]\n",
      " [ 0.11001289  0.09894972  0.09526482  0.09685829  0.09148066  0.10839882\n",
      "   0.10062072  0.09648076  0.10477373  0.09715956]\n",
      " [ 0.10120601  0.09671081  0.09523847  0.09593158  0.10876188  0.10097451\n",
      "   0.10124757  0.10421097  0.09474915  0.10096902]\n",
      " [ 0.09318795  0.09844125  0.08971433  0.09909809  0.0956599   0.10753737\n",
      "   0.10501782  0.09547177  0.11305725  0.1028143 ]\n",
      " [ 0.09410249  0.11305702  0.08495241  0.09110926  0.09774692  0.11078734\n",
      "   0.10998832  0.10124214  0.09174666  0.10526747]\n",
      " [ 0.09620353  0.10128219  0.0973988   0.10719654  0.09052464  0.10485894\n",
      "   0.09876638  0.10408046  0.10278353  0.09690505]\n",
      " [ 0.10272501  0.09811271  0.09210463  0.11002014  0.09694757  0.09239829\n",
      "   0.092848    0.10699067  0.1031465   0.10470648]\n",
      " [ 0.10315506  0.09362429  0.10136358  0.09871702  0.09825669  0.10432138\n",
      "   0.10881662  0.10349464  0.09923047  0.0890203 ]\n",
      " [ 0.10309429  0.09642979  0.09478174  0.09219202  0.09732926  0.10627829\n",
      "   0.08963177  0.10472118  0.11450868  0.101033  ]\n",
      " [ 0.10411356  0.09331065  0.09103678  0.09194563  0.09578983  0.10671653\n",
      "   0.10183263  0.09989265  0.11148465  0.10387713]\n",
      " [ 0.10664033  0.09527302  0.10118783  0.08504523  0.08878618  0.11022642\n",
      "   0.11333176  0.10240348  0.10413419  0.09297147]\n",
      " [ 0.10906915  0.09561532  0.0991751   0.09949144  0.0867383   0.11136449\n",
      "   0.10254786  0.10225499  0.09587821  0.09786515]\n",
      " [ 0.10005145  0.1031701   0.09805692  0.10498985  0.09301232  0.09346986\n",
      "   0.10086656  0.08821843  0.10979904  0.10836544]\n",
      " [ 0.10147569  0.1040349   0.10238633  0.09751866  0.09296997  0.09847848\n",
      "   0.0948859   0.09941204  0.11093581  0.09790224]\n",
      " [ 0.1073529   0.10375603  0.09271805  0.09424383  0.09641627  0.09978914\n",
      "   0.09939668  0.10189832  0.10700943  0.09741925]\n",
      " [ 0.10185788  0.08903375  0.11410467  0.10533653  0.0931081   0.1008692\n",
      "   0.09819041  0.08870624  0.10850047  0.1002928 ]\n",
      " [ 0.09839185  0.08913633  0.10790636  0.08941901  0.09056743  0.10516028\n",
      "   0.10588762  0.10760856  0.11281042  0.09311219]\n",
      " [ 0.10499719  0.09964272  0.09333013  0.09148906  0.09368885  0.10875823\n",
      "   0.09974561  0.09646168  0.10912839  0.10275812]\n",
      " [ 0.10588845  0.09956396  0.0920103   0.08608997  0.10138851  0.10226068\n",
      "   0.10966992  0.10271372  0.10448404  0.09593043]\n",
      " [ 0.09739374  0.10163853  0.09251218  0.09877548  0.0902277   0.1015076\n",
      "   0.10764409  0.11741237  0.10200168  0.09088663]\n",
      " [ 0.10621462  0.09738325  0.10617221  0.08356681  0.08714457  0.09708755\n",
      "   0.10898262  0.10191584  0.1064317   0.10510079]\n",
      " [ 0.09851336  0.10084525  0.09628544  0.0986559   0.09698524  0.11018746\n",
      "   0.10018931  0.09863908  0.10077107  0.09892788]\n",
      " [ 0.12259857  0.09412663  0.09658527  0.10848238  0.08334383  0.10095543\n",
      "   0.09095851  0.1000201   0.11037507  0.0925542 ]\n",
      " [ 0.09848224  0.09623947  0.09882111  0.10101072  0.09383926  0.09788001\n",
      "   0.09997942  0.10317723  0.0985803   0.11199021]\n",
      " [ 0.11176306  0.08657835  0.10354995  0.0929718   0.09511261  0.10815118\n",
      "   0.09883901  0.10342464  0.10484802  0.09476141]\n",
      " [ 0.11633984  0.10679725  0.08424585  0.09865738  0.0895523   0.10106848\n",
      "   0.10521524  0.09973119  0.10497954  0.09341291]\n",
      " [ 0.10535723  0.10228957  0.0953343   0.0985731   0.09655654  0.10157264\n",
      "   0.09266368  0.10741469  0.10084462  0.09939359]\n",
      " [ 0.10592514  0.10824068  0.11071848  0.08637004  0.09331123  0.10927313\n",
      "   0.08915287  0.09476587  0.10790303  0.09433947]\n",
      " [ 0.11182369  0.098289    0.10302127  0.09884408  0.09181272  0.10446548\n",
      "   0.0870298   0.09569672  0.10755464  0.10146259]\n",
      " [ 0.09557556  0.09679572  0.10095403  0.09727616  0.09417961  0.10131752\n",
      "   0.09973357  0.10815252  0.10532305  0.10069229]\n",
      " [ 0.10745566  0.10132314  0.09267326  0.09208195  0.09733298  0.1054064\n",
      "   0.10689511  0.10947309  0.09750181  0.08985665]\n",
      " [ 0.09291828  0.08310438  0.10789101  0.10385894  0.10642169  0.12734431\n",
      "   0.09595672  0.08711313  0.09550712  0.09988437]\n",
      " [ 0.08903467  0.10508464  0.08964005  0.09507473  0.09199417  0.10179589\n",
      "   0.1033098   0.10953565  0.1073576   0.10717285]\n",
      " [ 0.0930027   0.105623    0.09755065  0.1050936   0.09090806  0.10818963\n",
      "   0.10506999  0.09361226  0.10025156  0.10069858]\n",
      " [ 0.11037153  0.09708571  0.09308638  0.09143008  0.09647673  0.10433378\n",
      "   0.10498831  0.08997127  0.10397827  0.10827796]\n",
      " [ 0.09204989  0.09613656  0.0973611   0.10382562  0.09537611  0.10371883\n",
      "   0.11148899  0.10250486  0.0989356   0.09860241]\n",
      " [ 0.10783409  0.09740154  0.09979501  0.09444216  0.09541046  0.109343\n",
      "   0.10275096  0.10224592  0.09441711  0.09635973]\n",
      " [ 0.10633136  0.1034931   0.09436464  0.09253526  0.08533441  0.11748146\n",
      "   0.09115972  0.10632303  0.10891206  0.09406496]\n",
      " [ 0.10403215  0.10170424  0.09989777  0.09901555  0.1118615   0.09571569\n",
      "   0.0992024   0.09495449  0.1009964   0.09261976]\n",
      " [ 0.11294352  0.09649792  0.09698903  0.10377431  0.0904105   0.10635173\n",
      "   0.09709781  0.0963702   0.10122112  0.09834385]\n",
      " [ 0.11307231  0.09152085  0.09841859  0.08172379  0.09392104  0.11442208\n",
      "   0.09080718  0.098401    0.10926942  0.10844377]\n",
      " [ 0.11124033  0.09475674  0.1057186   0.09820444  0.08703194  0.10031676\n",
      "   0.10045707  0.09138394  0.110932    0.09995816]\n",
      " [ 0.10398101  0.08929902  0.09535236  0.10044432  0.10178589  0.10485595\n",
      "   0.09529512  0.0994037   0.10639761  0.103185  ]\n",
      " [ 0.1086783   0.10702496  0.10272247  0.09763301  0.08983414  0.11020749\n",
      "   0.09391976  0.09127841  0.09683781  0.10186362]\n",
      " [ 0.09968869  0.09769279  0.10108013  0.100127    0.09792195  0.10171434\n",
      "   0.10277486  0.09970717  0.10811465  0.09117847]\n",
      " [ 0.09632654  0.09585373  0.1037438   0.09503692  0.10439377  0.10283274\n",
      "   0.09703992  0.09872039  0.10609872  0.09995339]\n",
      " [ 0.09952406  0.09426667  0.09843862  0.09738757  0.10279635  0.10458971\n",
      "   0.10007719  0.10684635  0.10138947  0.09468403]\n",
      " [ 0.10689519  0.11041751  0.09781994  0.09883706  0.08455133  0.10879885\n",
      "   0.0917379   0.09150839  0.10651309  0.10292074]\n",
      " [ 0.10262886  0.1011474   0.09179826  0.09426022  0.09183338  0.10886314\n",
      "   0.10574049  0.1103542   0.10002568  0.09334841]\n",
      " [ 0.10356314  0.09798881  0.08663839  0.10052357  0.08951304  0.107812\n",
      "   0.09756409  0.10512722  0.10361398  0.1076557 ]\n",
      " [ 0.1039267   0.10867297  0.08689921  0.09695281  0.08781876  0.0995041\n",
      "   0.10135611  0.09961057  0.12057677  0.09468199]\n",
      " [ 0.10559801  0.10521143  0.08478387  0.10665321  0.10094112  0.10160293\n",
      "   0.0907533   0.09913547  0.10723393  0.0980868 ]\n",
      " [ 0.09830772  0.10520156  0.09504657  0.08903476  0.09949742  0.10254025\n",
      "   0.10087638  0.10193681  0.10037966  0.10717884]\n",
      " [ 0.09897182  0.09001505  0.10860187  0.08696292  0.09617225  0.10804462\n",
      "   0.11068384  0.10173289  0.09527566  0.10353901]\n",
      " [ 0.09873534  0.09028292  0.09996468  0.09203289  0.10375004  0.10077886\n",
      "   0.10118131  0.10113069  0.10032593  0.11181736]\n",
